   69   74  -33   98  -67 -123   43  113    1   14  -93  -91   99  -71  109  -67
  -57   92  -88 -111  -53  -68  -47  -89  -26    9   22   79  -11  -39   63   77
   31    2  -37  -44   -3   74  100  -78   90 -119   60  -43   55   35  -16   86
  -43 -122   41   29  103  -14  -34  -38  119  -34   47  108  -23   43  -48   35
  -65 -122   80   26   16  123  -31   99 -104    1 -105   98 -116 -100  -58   62
  -73  -19   35 -120 -108  -27  -71 -103  -16   69   25  -19   69  106   99   69
   74   17   63   23  -84  -90 -116  -33   88   67  125  -72  -40 -118   72  -80
  124  101  -81  -42   75   19  -80  -34   22  -41   16  -35    4   40 -107   17
  -69   30    4   73   57   -9  -84 -100   53 -104   13   -5   49   89  -54  119
   24 -125    5  -98   97  -32
